64# Number of electrodes
# x z
0	0
5	0
10	0
15	0
20	0
25	0
30	0
35	0
40	0
45	0
50	0
55	0
60	0
65	0
70	0
75	0
80	0
85	0
90	0
95	0
100	0
105	0
110	0
115	0
120	0
125	0
130	0
135	0
140	0
145	0
150	0
155	0
160	0
165	0
170	0
175	0
180	0
185	0
190	0
195	0
200	0
205	0
210	0
215	0
220	0
225	0
230	0
235	0
240	0
245	0
250	0
255	0
260	0
265	0
270	0
275	0
280	0
285	0
290	0
295	0
300	0
305	0
310	0
315	0
1223# Number of data
#a	b	m	n	rhoa	err
   1	   4	   2	   3	23.21	0.0313538
   1	  31	  11	  21	62.27	0.0350448
   3	  30	  12	  21	56.66	0.0349903
   5	  29	  13	  21	51.94	0.0348386
   7	  28	  14	  21	47.04	0.0346749
   9	  27	  15	  21	42.33	0.0344526
   3	  33	  15	  21	66.15	0.0385484
  11	  26	  16	  21	37.36	0.0342042
   6	  31	  16	  21	57.59	0.0381828
   1	  36	  16	  21	77.80	0.0421136
  13	  25	  17	  21	32.98	0.0338105
   9	  29	  17	  21	46.36	0.038131
   5	  33	  17	  21	62.89	0.0419895
   1	  37	  17	  21	80.31	0.0456481
  15	  24	  18	  21	29.53	0.0331911
  12	  27	  18	  21	38.27	0.0373882
   9	  30	  18	  21	49.44	0.0414381
   6	  33	  18	  21	60.54	0.0455685
  17	  23	  19	  21	24.97	0.0325162
  15	  25	  19	  21	30.47	0.0361858
  13	  27	  19	  21	36.10	0.0404416
  11	  29	  19	  21	42.00	0.0449598
  19	  22	  20	  21	19.08	0.0316467
  18	  23	  20	  21	22.15	0.034255
  17	  24	  20	  21	25.06	0.0375209
  16	  25	  20	  21	27.74	0.0413241
  20	  23	  21	  22	19.08	0.0316464
  19	  24	  21	  22	21.78	0.0343267
  18	  25	  21	  22	24.08	0.0378286
  17	  26	  21	  22	26.67	0.0417801
   2	  32	  12	  22	61.55	0.0351043
   4	  31	  13	  22	57.42	0.0349243
   6	  30	  14	  22	51.71	0.0348605
   8	  29	  15	  22	46.06	0.0347742
   1	  36	  15	  22	76.33	0.0386431
  10	  28	  16	  22	41.19	0.034576
   4	  34	  16	  22	65.51	0.0386319
  12	  27	  17	  22	36.50	0.0343033
   7	  32	  17	  22	55.49	0.0384919
   2	  37	  17	  22	76.07	0.0423889
  14	  26	  18	  22	32.61	0.0338533
  10	  30	  18	  22	45.93	0.0382081
   6	  34	  18	  22	61.79	0.0422027
   2	  38	  18	  22	78.47	0.0460133
  16	  25	  19	  22	28.59	0.0332963
  13	  28	  19	  22	36.43	0.0377615
  10	  31	  19	  22	49.10	0.0415175
   7	  34	  19	  22	57.72	0.0463287
  18	  24	  20	  22	22.97	0.0327353
  16	  26	  20	  22	28.61	0.0365882
  14	  28	  20	  22	33.34	0.041308
  12	  30	  20	  22	38.75	0.0462156
  19	  25	  21	  23	22.93	0.0327398
  17	  27	  21	  23	28.17	0.0366913
  15	  29	  21	  23	33.21	0.0413532
  13	  31	  21	  23	42.98	0.044619
  21	  24	  22	  23	18.86	0.0316658
  20	  25	  22	  23	22.04	0.0342756
  19	  26	  22	  23	24.76	0.0376115
  18	  27	  22	  23	27.35	0.0414876
   1	  34	  12	  23	67.31	0.0351339
   3	  33	  13	  23	61.62	0.0350984
   5	  32	  14	  23	57.08	0.0349537
   7	  31	  15	  23	52.91	0.0347497
   9	  30	  16	  23	45.70	0.0348123
   2	  37	  16	  23	74.59	0.0388449
  11	  29	  17	  23	40.78	0.0346217
   5	  35	  17	  23	64.80	0.0387265
  13	  28	  18	  23	36.11	0.0343494
   8	  33	  18	  23	53.28	0.0388449
   3	  38	  18	  23	74.77	0.0426047
  15	  27	  19	  23	31.44	0.0339969
  11	  31	  19	  23	46.16	0.0381677
   7	  35	  19	  23	59.12	0.0427542
   3	  39	  19	  23	74.32	0.046908
  17	  26	  20	  23	26.58	0.0335457
  14	  29	  20	  23	34.74	0.0381393
  11	  32	  20	  23	45.26	0.0424939
   8	  35	  20	  23	54.12	0.0474149
  18	  27	  21	  24	26.96	0.0334964
  15	  30	  21	  24	35.99	0.0378565
  12	  33	  21	  24	44.10	0.042824
   9	  36	  21	  24	56.53	0.0466707
  20	  26	  22	  24	23.23	0.0327044
  18	  28	  22	  24	29.15	0.0364662
  16	  30	  22	  24	36.04	0.0404608
  14	  32	  22	  24	42.46	0.0447984
  22	  25	  23	  24	19.59	0.0316036
  21	  26	  23	  24	22.44	0.0342002
  20	  27	  23	  24	26.19	0.0371971
  19	  28	  23	  24	29.22	0.040752
   2	  35	  13	  24	68.02	0.0350802
   4	  34	  14	  24	62.77	0.0350048
   6	  33	  15	  24	57.25	0.0349383
   8	  32	  16	  24	50.87	0.0349408
  10	  31	  17	  24	46.94	0.0346848
   3	  38	  17	  24	74.71	0.0388311
  12	  30	  18	  24	40.83	0.0346164
   6	  36	  18	  24	64.72	0.038738
  14	  29	  19	  24	35.68	0.0344029
   9	  34	  19	  24	53.40	0.0388252
   4	  39	  19	  24	72.95	0.0429198
  16	  28	  20	  24	31.05	0.0340477
  12	  32	  20	  24	43.51	0.0386638
   8	  36	  20	  24	57.60	0.0430898
   4	  40	  20	  24	72.16	0.0474149
  17	  29	  21	  25	31.48	0.0339917
  13	  33	  21	  25	44.30	0.0385101
   9	  37	  21	  25	59.78	0.0426127
   5	  41	  21	  25	74.40	0.0468901
  19	  28	  22	  25	27.88	0.0333806
  16	  31	  22	  25	39.20	0.0372128
  13	  34	  22	  25	48.27	0.0417142
  10	  37	  22	  25	58.81	0.0460262
  21	  27	  23	  25	23.62	0.0326596
  19	  29	  23	  25	30.57	0.0361666
  17	  31	  23	  25	38.76	0.039727
  15	  33	  23	  25	42.57	0.04476
  23	  26	  24	  25	19.00	0.0316537
  22	  27	  24	  25	22.86	0.0341223
  21	  28	  24	  25	25.66	0.0373446
  20	  29	  24	  25	29.08	0.0408016
   1	  37	  13	  25	74.22	0.0350795
   3	  36	  14	  25	68.56	0.0350403
   5	  35	  15	  25	63.62	0.0349377
   7	  34	  16	  25	57.30	0.0349347
   9	  33	  17	  25	50.89	0.0349383
  11	  32	  18	  25	46.27	0.0347531
   4	  39	  18	  25	74.34	0.0388744
  13	  31	  19	  25	41.53	0.0345384
   7	  37	  19	  25	63.98	0.038839
  15	  30	  20	  25	35.38	0.0344392
  10	  35	  20	  25	52.98	0.0388943
   5	  40	  20	  25	71.62	0.0431591
  16	  31	  21	  26	36.79	0.0342692
  11	  36	  21	  26	53.70	0.0387746
   6	  41	  21	  26	71.98	0.0430941
  18	  30	  22	  26	31.67	0.0339674
  14	  34	  22	  26	45.63	0.0382627
  10	  38	  22	  26	60.90	0.0423812
   6	  42	  22	  26	74.78	0.0468045
  20	  29	  23	  26	27.95	0.0333714
  17	  32	  23	  26	37.79	0.0374827
  14	  35	  23	  26	48.15	0.0417453
  11	  38	  23	  26	60.42	0.045599
  22	  28	  24	  26	23.32	0.0326949
  20	  30	  24	  26	30.12	0.0362577
  18	  32	  24	  26	36.46	0.0403385
  16	  34	  24	  26	43.69	0.0443813
  24	  27	  25	  26	19.71	0.031594
  23	  28	  25	  26	21.80	0.0343225
  22	  29	  25	  26	24.78	0.0376072
  21	  30	  25	  26	28.15	0.041159
   2	  38	  14	  26	73.95	0.0350981
   4	  37	  15	  26	68.90	0.0350155
   6	  36	  16	  26	63.04	0.0349835
   8	  35	  17	  26	56.86	0.0349729
  10	  34	  18	  26	51.39	0.034891
  12	  33	  19	  26	44.70	0.03492
   5	  40	  19	  26	72.27	0.0391289
  14	  32	  20	  26	39.70	0.0347486
   8	  38	  20	  26	62.29	0.0390789
  15	  33	  21	  27	39.41	0.0347828
   9	  39	  21	  27	62.24	0.0390852
  17	  32	  22	  27	35.75	0.0343936
  12	  37	  22	  27	53.35	0.0388331
   7	  42	  22	  27	71.46	0.0431896
  19	  31	  23	  27	32.54	0.0338615
  15	  35	  23	  27	45.59	0.0382695
  11	  39	  23	  27	60.27	0.0425096
   7	  43	  23	  27	74.53	0.0468615
  21	  30	  24	  27	27.34	0.0334477
  18	  33	  24	  27	36.66	0.0377133
  15	  36	  24	  27	47.48	0.0419105
  12	  39	  24	  27	57.29	0.0464502
  23	  29	  25	  27	22.54	0.032788
  21	  31	  25	  27	29.64	0.0363598
  19	  33	  25	  27	34.91	0.0407986
  17	  35	  25	  27	41.54	0.0451247
  25	  28	  26	  27	18.87	0.0316648
  24	  29	  26	  27	21.38	0.0344082
  23	  30	  26	  27	24.25	0.0377736
  22	  31	  26	  27	28.63	0.0409744
   3	  39	  15	  27	73.49	0.0351299
   5	  38	  16	  27	68.35	0.0350556
   7	  37	  17	  27	62.42	0.0350326
   9	  36	  18	  27	56.71	0.0349853
  11	  35	  19	  27	50.55	0.0349723
  13	  34	  20	  27	44.64	0.0349267
   6	  41	  20	  27	70.18	0.0394007
  14	  35	  21	  28	45.34	0.0348504
   7	  42	  21	  28	70.23	0.039394
  16	  34	  22	  28	41.11	0.034585
  10	  40	  22	  28	62.09	0.039108
  18	  33	  23	  28	36.10	0.0343518
  13	  38	  23	  28	54.82	0.0385965
   8	  43	  23	  28	70.79	0.0433132
  20	  32	  24	  28	31.82	0.0339497
  16	  36	  24	  28	46.05	0.0381862
  12	  40	  24	  28	58.07	0.042983
   8	  44	  24	  28	72.82	0.0472563
  22	  31	  25	  28	27.52	0.0334242
  19	  34	  25	  28	37.35	0.0375695
  16	  37	  25	  28	47.18	0.0419859
  13	  40	  25	  28	56.35	0.0467268
  24	  30	  26	  28	23.09	0.0327213
  22	  32	  26	  28	28.72	0.0365633
  20	  34	  26	  28	35.83	0.0405217
  18	  36	  26	  28	41.75	0.0450503
  26	  29	  27	  28	20.76	0.0315131
  25	  30	  27	  28	22.85	0.0341249
  24	  31	  27	  28	26.90	0.037007
  23	  32	  27	  28	28.36	0.0410782
   4	  40	  16	  28	72.34	0.0352116
   6	  39	  17	  28	67.29	0.0351352
   8	  38	  18	  28	62.05	0.0350634
  10	  37	  19	  28	55.88	0.0350602
  12	  36	  20	  28	49.59	0.0350685
  13	  37	  21	  29	50.19	0.0350073
  15	  36	  22	  29	45.65	0.0348176
   8	  43	  22	  29	70.69	0.0393323
  17	  35	  23	  29	41.03	0.0345945
  11	  41	  23	  29	61.49	0.0391964
  19	  34	  24	  29	36.52	0.034301
  14	  39	  24	  29	53.38	0.0388272
   9	  44	  24	  29	72.10	0.0430726
  21	  33	  25	  29	30.86	0.0340726
  17	  37	  25	  29	44.56	0.0384594
  13	  41	  25	  29	57.13	0.0431983
   9	  45	  25	  29	71.69	0.04753
  23	  32	  26	  29	26.34	0.0335779
  20	  35	  26	  29	36.98	0.0376452
  17	  38	  26	  29	46.33	0.0422064
  14	  41	  26	  29	55.02	0.04713
  25	  31	  27	  29	23.75	0.0326458
  23	  33	  27	  29	28.54	0.0366047
  21	  35	  27	  29	35.47	0.0406285
  19	  37	  27	  29	42.03	0.0449485
  27	  30	  28	  29	20.01	0.0315698
  26	  31	  28	  29	22.53	0.0341839
  25	  32	  28	  29	24.18	0.0377949
  24	  33	  28	  29	26.61	0.041808
   5	  41	  17	  29	71.58	0.0352664
   7	  40	  18	  29	65.70	0.0352601
   9	  39	  19	  29	60.25	0.0352147
  11	  38	  20	  29	54.93	0.0351472
  12	  39	  21	  30	54.46	0.0351915
  14	  38	  22	  30	50.68	0.0349586
  16	  37	  23	  30	46.41	0.0347384
   9	  44	  23	  30	70.89	0.0393061
  18	  36	  24	  30	41.05	0.0345913
  12	  42	  24	  30	60.03	0.0394207
  20	  35	  25	  30	36.46	0.034308
  15	  40	  25	  30	51.83	0.0390914
  10	  45	  25	  30	69.56	0.0435489
  22	  34	  26	  30	31.46	0.0339949
  18	  38	  26	  30	44.63	0.0384468
  14	  42	  26	  30	56.50	0.0433444
  10	  46	  26	  30	69.82	0.0479977
  24	  33	  27	  30	27.23	0.0334618
  21	  36	  27	  30	37.67	0.0375067
  18	  39	  27	  30	46.54	0.0421505
  15	  42	  27	  30	55.16	0.0470859
  26	  32	  28	  30	22.78	0.032758
  24	  34	  28	  30	29.62	0.0363628
  22	  36	  28	  30	35.77	0.0405384
  20	  38	  28	  30	42.21	0.044887
  28	  31	  29	  30	21.67	0.0314497
  27	  32	  29	  30	22.17	0.0342505
  26	  33	  29	  30	25.15	0.0374954
  25	  34	  29	  30	29.20	0.0407578
   6	  42	  18	  30	70.71	0.0353313
   8	  41	  19	  30	64.21	0.0353818
  10	  40	  20	  30	58.51	0.0353695
   2	   5	   3	   4	23.54	0.0313346
   1	   6	   3	   4	25.14	0.0337484
  11	  41	  21	  31	58.32	0.0353869
  13	  40	  22	  31	53.79	0.0352567
  15	  39	  23	  31	49.71	0.0350563
  17	  38	  24	  31	45.40	0.0348434
  10	  45	  24	  31	70.08	0.039414
  19	  37	  25	  31	40.55	0.0346482
  13	  43	  25	  31	59.36	0.0395267
  21	  36	  26	  31	35.94	0.0343709
  16	  41	  26	  31	51.12	0.0392177
  11	  46	  26	  31	68.83	0.0436934
  23	  35	  27	  31	31.45	0.0339953
  19	  39	  27	  31	44.24	0.038521
  15	  43	  27	  31	55.90	0.0434892
  11	  47	  27	  31	69.57	0.0480631
  25	  34	  28	  31	27.23	0.0334618
  22	  37	  28	  31	36.61	0.0377238
  19	  40	  28	  31	44.68	0.0426568
  16	  43	  28	  31	53.74	0.0475377
  27	  33	  29	  31	22.77	0.032759
  25	  35	  29	  31	29.55	0.0363781
  23	  37	  29	  31	35.39	0.0406512
  21	  39	  29	  31	41.24	0.0452347
  29	  32	  30	  31	18.80	0.0316706
  28	  33	  30	  31	21.70	0.0343428
  27	  34	  30	  31	24.91	0.0375681
  26	  35	  30	  31	27.58	0.0413922
   7	  43	  19	  31	69.29	0.0354407
   9	  42	  20	  31	63.27	0.0354623
  10	  43	  21	  32	63.73	0.0354229
  12	  42	  22	  32	58.15	0.0354023
  14	  41	  23	  32	53.85	0.0352504
  16	  40	  24	  32	49.46	0.0350815
  18	  39	  25	  32	44.80	0.0349085
  11	  46	  25	  32	68.95	0.0395679
  20	  38	  26	  32	41.18	0.0345776
  14	  44	  26	  32	60.24	0.0393874
  22	  37	  27	  32	36.60	0.0342917
  17	  42	  27	  32	51.04	0.0392327
  12	  47	  27	  32	67.83	0.0438942
  24	  36	  28	  32	32.23	0.0338986
  20	  40	  28	  32	43.95	0.0385779
  16	  44	  28	  32	57.51	0.0431114
  12	  48	  28	  32	69.10	0.0481869
  26	  35	  29	  32	28.35	0.033325
  23	  38	  29	  32	38.00	0.0374407
  20	  41	  29	  32	45.89	0.0423236
  17	  44	  29	  32	55.71	0.0469188
  28	  34	  30	  32	24.50	0.0325648
  26	  36	  30	  32	30.60	0.0361609
  24	  38	  30	  32	36.79	0.040248
  22	  40	  30	  32	41.43	0.045165
  30	  33	  31	  32	21.42	0.0314667
  29	  34	  31	  32	24.96	0.0337765
  28	  35	  31	  32	27.26	0.0369145
  27	  36	  31	  32	30.60	0.0402665
   8	  44	  20	  32	68.66	0.035491
   9	  45	  21	  33	67.86	0.0355554
  11	  44	  22	  33	63.73	0.0354229
  13	  43	  23	  33	57.34	0.0354789
  15	  42	  24	  33	51.39	0.035502
  17	  41	  25	  33	46.69	0.0353831
  19	  40	  26	  33	42.84	0.0351333
  12	  47	  26	  33	66.18	0.0399682
  21	  39	  27	  33	38.99	0.0348343
  15	  45	  27	  33	58.42	0.0396796
  23	  38	  28	  33	35.02	0.0344859
  18	  43	  28	  33	47.32	0.0399587
  13	  48	  28	  33	66.60	0.0441511
  25	  37	  29	  33	31.29	0.0340156
  21	  41	  29	  33	41.26	0.0391364
  17	  45	  29	  33	55.23	0.0436511
  13	  49	  29	  33	68.34	0.0483886
  27	  36	  30	  33	27.07	0.0334821
  24	  39	  30	  33	35.21	0.0380312
  21	  42	  30	  33	40.88	0.0438315
  18	  45	  30	  33	50.16	0.0487899
  29	  35	  31	  33	23.60	0.0326627
  27	  37	  31	  33	28.96	0.0365089
  25	  39	  31	  33	34.07	0.0410652
  23	  41	  31	  33	35.96	0.0474713
  31	  34	  32	  33	17.73	0.031772
  30	  35	  32	  33	20.16	0.0346754
  29	  36	  32	  33	23.47	0.0380312
  28	  37	  32	  33	24.61	0.0427675
  10	  46	  22	  34	67.01	0.035626
  12	  45	  23	  34	61.42	0.0356264
  14	  44	  24	  34	57.77	0.0354384
  16	  43	  25	  34	52.15	0.0354214
  18	  42	  26	  34	46.88	0.0353615
  20	  41	  27	  34	43.43	0.035064
  13	  48	  27	  34	66.63	0.0399012
  22	  40	  28	  34	38.81	0.0348564
  16	  46	  28	  34	58.16	0.0397222
  24	  39	  29	  34	35.44	0.0344318
  19	  44	  29	  34	50.96	0.0392477
  14	  49	  29	  34	65.96	0.0442883
  26	  38	  30	  34	31.56	0.0339817
  22	  42	  30	  34	41.50	0.0390831
  18	  46	  30	  34	54.47	0.0438411
  14	  50	  30	  34	67.52	0.0486123
  28	  37	  31	  34	27.25	0.0334588
  25	  40	  31	  34	35.46	0.0379746
  22	  43	  31	  34	43.54	0.0429873
  19	  46	  31	  34	53.36	0.0476622
  30	  36	  32	  34	22.03	0.0328519
  28	  38	  32	  34	28.02	0.0367275
  26	  40	  32	  34	32.59	0.0415677
  24	  42	  32	  34	37.41	0.0467974
  32	  35	  33	  34	18.20	0.0317259
  31	  36	  33	  34	20.54	0.0345892
  30	  37	  33	  34	23.66	0.0379669
  29	  38	  33	  34	26.50	0.0418556
  11	  47	  23	  35	66.82	0.035642
  13	  46	  24	  35	62.46	0.035533
  15	  45	  25	  35	57.62	0.0354526
  17	  44	  26	  35	52.47	0.0353891
  19	  43	  27	  35	47.47	0.0352944
  21	  42	  28	  35	42.50	0.035174
  14	  49	  28	  35	66.50	0.039921
  23	  41	  29	  35	38.68	0.0348736
  17	  47	  29	  35	58.19	0.0397175
  25	  40	  30	  35	35.12	0.0344731
  20	  45	  30	  35	50.70	0.0392953
  15	  50	  30	  35	65.46	0.0443969
  27	  39	  31	  35	31.69	0.0339654
  23	  43	  31	  35	42.29	0.0389142
  19	  47	  31	  35	55.29	0.0436371
  15	  51	  31	  35	69.54	0.0480713
  29	  38	  32	  35	27.18	0.0334672
  26	  41	  32	  35	34.90	0.0381012
  23	  44	  32	  35	44.34	0.0427542
  20	  47	  32	  35	52.65	0.0479006
  31	  37	  33	  35	22.97	0.0327359
  29	  39	  33	  35	30.47	0.0361855
  27	  41	  33	  35	32.93	0.0414467
  25	  43	  33	  35	39.12	0.0460624
  33	  36	  34	  35	19.94	0.0315756
  32	  37	  34	  35	23.72	0.0339725
  31	  38	  34	  35	26.10	0.037222
  30	  39	  34	  35	29.51	0.0406455
  12	  48	  24	  36	66.82	0.035642
  14	  47	  25	  36	60.73	0.0356907
  16	  46	  26	  36	56.15	0.0355948
  18	  45	  27	  36	53.55	0.0352797
  20	  44	  28	  36	49.00	0.0351286
  22	  43	  29	  36	43.77	0.0350237
  15	  50	  29	  36	67.86	0.0397222
  24	  42	  30	  36	39.21	0.0348077
  18	  48	  30	  36	57.35	0.0398601
  26	  41	  31	  36	35.76	0.0343927
  21	  46	  31	  36	51.87	0.0390852
  16	  51	  31	  36	69.49	0.0435627
  28	  40	  32	  36	31.28	0.0340171
  24	  44	  32	  36	44.39	0.0384919
  20	  48	  32	  36	56.50	0.0433444
  16	  52	  32	  36	69.63	0.0480467
  30	  39	  33	  36	28.58	0.0332976
  27	  42	  33	  36	36.06	0.0378415
  24	  45	  33	  36	46.56	0.0421447
  21	  48	  33	  36	53.94	0.0474713
  32	  38	  34	  36	25.88	0.032428
  30	  40	  34	  36	31.22	0.0360375
  28	  42	  34	  36	36.74	0.0402612
  26	  44	  34	  36	45.14	0.0439185
  34	  37	  35	  36	19.83	0.0315839
  33	  38	  35	  36	24.70	0.0338163
  32	  39	  35	  36	28.08	0.0367139
  31	  40	  35	  36	29.39	0.0406884
  13	  49	  25	  37	67.00	0.0356264
  15	  48	  26	  37	61.42	0.0356264
  17	  47	  27	  37	57.41	0.0354718
  19	  46	  28	  37	54.34	0.0352031
  21	  45	  29	  37	49.83	0.0350435
  23	  44	  30	  37	45.51	0.0348322
  16	  51	  30	  37	66.25	0.0399587
  25	  43	  31	  37	40.91	0.0346078
  19	  49	  31	  37	60.76	0.0393072
  27	  42	  32	  37	35.87	0.0343796
  22	  47	  32	  37	53.02	0.0388883
  17	  52	  32	  37	70.04	0.0434572
  29	  41	  33	  37	32.68	0.033845
  25	  45	  33	  37	45.81	0.0382303
  21	  49	  33	  37	58.30	0.0429333
  17	  53	  33	  37	66.88	0.0487899
  31	  40	  34	  37	29.45	0.0332003
  28	  43	  34	  37	39.88	0.0370894
  25	  46	  34	  37	51.03	0.0410813
  22	  49	  34	  37	61.77	0.0452581
  33	  39	  35	  37	26.17	0.0324006
  31	  41	  35	  37	32.45	0.0358092
  29	  43	  35	  37	39.80	0.0394723
  27	  45	  35	  37	48.05	0.0430769
  35	  38	  36	  37	20.94	0.0315003
  34	  39	  36	  37	24.77	0.0338047
  33	  40	  36	  37	29.16	0.0364641
  32	  41	  36	  37	32.46	0.0396773
  14	  50	  26	  38	68.14	0.0355326
  16	  49	  27	  38	63.50	0.0354419
  18	  48	  28	  38	58.99	0.0353255
  20	  47	  29	  38	54.51	0.0351868
  22	  46	  30	  38	50.68	0.0349586
  24	  45	  31	  38	47.78	0.034603
  17	  52	  31	  38	68.23	0.0396686
  26	  44	  32	  38	43.12	0.0343709
  20	  50	  32	  38	62.46	0.0390533
  28	  43	  33	  38	38.17	0.0341152
  23	  48	  33	  38	55.36	0.0385117
  18	  53	  33	  38	69.09	0.043642
  30	  42	  34	  38	34.92	0.0335989
  26	  46	  34	  38	50.14	0.0375195
  22	  50	  34	  38	63.60	0.0418556
  18	  54	  34	  38	78.63	0.0459811
  32	  41	  35	  38	31.95	0.0329503
  29	  44	  35	  38	43.71	0.0364683
  26	  47	  35	  38	54.01	0.0404691
  23	  50	  35	  38	64.35	0.0446451
  34	  40	  36	  38	26.89	0.0323364
  32	  42	  36	  38	34.88	0.0354037
  30	  44	  36	  38	43.08	0.0387515
  28	  46	  36	  38	49.88	0.0425967
  36	  39	  37	  38	23.48	0.0313383
  35	  40	  37	  38	26.33	0.0335795
  34	  41	  37	  38	30.06	0.0362716
  33	  42	  37	  38	34.21	0.0391837
  15	  51	  27	  39	72.21	0.0352208
  17	  50	  28	  39	66.28	0.035214
  19	  49	  29	  39	62.46	0.0350296
  21	  48	  30	  39	57.92	0.0348817
  23	  47	  31	  39	54.08	0.0346476
  25	  46	  32	  39	50.54	0.0343509
  18	  53	  32	  39	74.20	0.0388917
  27	  45	  33	  39	47.51	0.0339676
  21	  51	  33	  39	68.14	0.0382989
  29	  44	  34	  39	44.39	0.0335384
  24	  49	  34	  39	63.28	0.0374463
  19	  54	  34	  39	77.60	0.0421447
  31	  43	  35	  39	38.83	0.0332363
  27	  47	  35	  39	55.48	0.0367953
  23	  51	  35	  39	70.41	0.0407082
  19	  55	  35	  39	89.09	0.044106
  33	  42	  36	  39	34.93	0.0326982
  30	  45	  36	  39	49.01	0.0357696
  27	  48	  36	  39	60.71	0.0393148
  24	  51	  36	  39	72.87	0.0429333
  35	  41	  37	  39	30.32	0.0320724
  33	  43	  37	  39	39.92	0.0347221
  31	  45	  37	  39	47.97	0.0378596
  29	  47	  37	  39	56.86	0.0410505
  37	  40	  38	  39	25.67	0.0312236
  36	  41	  38	  39	31.29	0.0330121
  35	  42	  38	  39	35.81	0.0352643
  34	  43	  38	  39	41.02	0.0376584
  16	  52	  28	  40	73.82	0.035107
  18	  51	  29	  40	70.10	0.03493
  20	  50	  30	  40	65.93	0.0347649
  22	  49	  31	  40	62.18	0.0345473
  24	  48	  32	  40	57.78	0.0343499
  26	  47	  33	  40	53.22	0.0341322
  19	  54	  33	  40	82.15	0.0380312
  28	  46	  34	  40	50.94	0.0337003
  22	  52	  34	  40	73.82	0.0376605
  30	  45	  35	  40	47.70	0.0332928
  25	  50	  35	  40	69.09	0.036821
  20	  55	  35	  40	91.64	0.0402851
  32	  44	  36	  40	43.42	0.0328938
  28	  48	  36	  40	60.60	0.0362206
  24	  52	  36	  40	76.47	0.0398601
  20	  56	  36	  40	98.12	0.0428075
  34	  43	  37	  40	36.73	0.032566
  31	  46	  37	  40	51.16	0.0355268
  28	  49	  37	  40	66.90	0.0384522
  25	  52	  37	  40	82.16	0.041471
  36	  42	  38	  40	31.37	0.0320027
  34	  44	  38	  40	44.11	0.0342733
  32	  46	  38	  40	53.86	0.0369997
  30	  48	  38	  40	63.55	0.0398865
  38	  41	  39	  40	25.40	0.0312368
  37	  42	  39	  40	29.20	0.0332273
  36	  43	  39	  40	35.21	0.0353528
  35	  44	  39	  40	42.01	0.0374785
   1	   7	   3	   5	26.56	0.0323655
   3	   6	   4	   5	24.66	0.0312742
   2	   7	   4	   5	26.32	0.0335811
   1	   8	   4	   5	30.46	0.0361877
  17	  53	  29	  41	77.20	0.0348832
  19	  52	  30	  41	71.48	0.0348343
  21	  51	  31	  41	67.82	0.0346319
  23	  50	  32	  41	64.17	0.0344065
  25	  49	  33	  41	59.56	0.0342198
  27	  48	  34	  41	56.53	0.0338901
  20	  55	  34	  41	87.06	0.0375782
  29	  47	  35	  41	52.11	0.0336175
  23	  53	  35	  41	80.33	0.0370393
  31	  46	  36	  41	47.97	0.0332743
  26	  51	  36	  41	70.98	0.0366391
  21	  56	  36	  41	95.83	0.0398352
  33	  45	  37	  41	43.97	0.0328579
  29	  49	  37	  41	63.31	0.0359544
  25	  53	  37	  41	82.88	0.0390976
  21	  57	  37	  41	101.94	0.0423275
  35	  44	  38	  41	38.10	0.0324736
  32	  47	  38	  41	52.79	0.0353564
  29	  50	  38	  41	71.52	0.0379064
  26	  53	  38	  41	83.80	0.0412473
  37	  43	  39	  41	29.22	0.0321504
  35	  45	  39	  41	41.38	0.0345556
  33	  47	  39	  41	50.41	0.0374785
  31	  49	  39	  41	59.04	0.0406427
  39	  42	  40	  41	23.15	0.0313573
  38	  43	  40	  41	26.68	0.0335324
  37	  44	  40	  41	32.13	0.0358666
  36	  45	  40	  41	37.14	0.0384594
  18	  54	  30	  42	78.36	0.034811
  20	  53	  31	  42	74.95	0.0346105
  22	  52	  32	  42	69.72	0.0345062
  24	  51	  33	  42	66.72	0.0342377
  26	  50	  34	  42	63.60	0.0339519
  28	  49	  35	  42	58.74	0.0337439
  21	  56	  35	  42	88.77	0.0374318
  30	  48	  36	  42	53.96	0.0334934
  24	  54	  36	  42	80.63	0.0370131
  32	  47	  37	  42	48.45	0.0332421
  27	  52	  37	  42	73.35	0.0364249
  22	  57	  37	  42	100.14	0.0394118
  34	  46	  38	  42	43.62	0.0328808
  30	  50	  38	  42	64.94	0.035805
  26	  54	  38	  42	84.22	0.0389523
  22	  58	  38	  42	106.11	0.0418432
  36	  45	  39	  42	37.85	0.0324897
  33	  48	  39	  42	51.58	0.0354811
  30	  51	  39	  42	65.87	0.0385851
  27	  54	  39	  42	82.11	0.0414777
  38	  44	  40	  42	31.07	0.0320225
  36	  46	  40	  42	38.74	0.0348653
  34	  48	  40	  42	47.08	0.0380066
  32	  50	  40	  42	57.81	0.0408694
  40	  43	  41	  42	24.82	0.0312659
  39	  44	  41	  42	31.98	0.0329474
  38	  45	  41	  42	35.16	0.0353615
  37	  46	  41	  42	37.93	0.0382833
  19	  55	  31	  43	82.01	0.0345972
  21	  54	  32	  43	75.65	0.0345682
  23	  53	  33	  43	70.98	0.0344261
  25	  52	  34	  43	67.86	0.0341668
  27	  51	  35	  43	63.85	0.0339362
  29	  50	  36	  43	59.89	0.033672
  22	  57	  36	  43	94.22	0.0370021
  31	  49	  37	  43	53.57	0.0335187
  25	  55	  37	  43	84.27	0.0367105
  33	  48	  38	  43	48.66	0.0332279
  28	  53	  38	  43	73.99	0.0363689
  23	  58	  38	  43	98.95	0.0395244
  35	  47	  39	  43	41.06	0.0330608
  31	  51	  39	  43	59.76	0.0363083
  27	  55	  39	  43	80.66	0.0393477
  23	  59	  39	  43	102.16	0.0423008
  37	  46	  40	  43	35.72	0.0326386
  34	  49	  40	  43	47.43	0.0359615
  31	  52	  40	  43	58.92	0.0395979
  28	  55	  40	  43	76.03	0.0423966
  39	  45	  41	  43	33.33	0.0318851
  37	  47	  41	  43	36.53	0.0351599
  35	  49	  41	  43	44.95	0.0383863
  33	  51	  41	  43	54.79	0.0414677
  41	  44	  42	  43	25.80	0.0312175
  40	  45	  42	  43	30.65	0.033075
  39	  46	  42	  43	32.85	0.035738
  38	  47	  42	  43	33.66	0.0393345
  20	  56	  32	  44	84.78	0.0344466
  22	  55	  33	  44	78.77	0.0343871
  24	  54	  34	  44	74.76	0.034202
  26	  53	  35	  44	70.41	0.0340156
  28	  52	  36	  44	65.62	0.0338303
  30	  51	  37	  44	60.51	0.0336346
  23	  58	  37	  44	97.00	0.0368011
  32	  50	  38	  44	55.29	0.033409
  26	  56	  38	  44	86.43	0.0365428
  34	  49	  39	  44	48.06	0.0332687
  29	  54	  39	  44	72.56	0.0364947
  24	  59	  39	  44	100.09	0.0394162
  36	  48	  40	  44	40.90	0.0330723
  32	  52	  40	  44	58.54	0.03644
  28	  56	  40	  44	79.73	0.0394565
  24	  60	  40	  44	102.00	0.0423198
  38	  47	  41	  44	36.43	0.0325873
  35	  50	  41	  44	47.07	0.0360065
  32	  53	  41	  44	61.03	0.039265
  29	  56	  41	  44	76.83	0.0422667
  40	  46	  42	  44	34.89	0.0318008
  38	  48	  42	  44	37.53	0.0350231
  36	  50	  42	  44	44.25	0.0385192
  34	  52	  42	  44	52.20	0.0420366
  42	  45	  43	  44	34.45	0.0309119
  41	  46	  43	  44	34.46	0.0327349
  40	  47	  43	  44	35.86	0.035256
  39	  48	  43	  44	38.87	0.0380831
  21	  57	  33	  45	89.34	0.0342198
  23	  56	  34	  45	84.64	0.034083
  25	  55	  35	  45	81.62	0.0338492
  27	  54	  36	  45	75.52	0.0337439
  29	  53	  37	  45	69.65	0.0336082
  31	  52	  38	  45	64.21	0.0334248
  24	  59	  38	  45	105.38	0.0362607
  33	  51	  39	  45	56.95	0.0333097
  27	  57	  39	  45	90.95	0.0362177
  35	  50	  40	  45	48.73	0.0332232
  30	  55	  40	  45	75.70	0.0362254
  25	  60	  40	  45	106.89	0.0388174
  37	  49	  41	  45	46.18	0.0327213
  33	  53	  41	  45	62.08	0.0360724
  29	  57	  41	  45	86.21	0.0387457
  25	  61	  41	  45	113.46	0.0410752
  39	  48	  42	  45	42.02	0.0322429
  36	  51	  42	  45	50.50	0.0355983
  33	  54	  42	  45	66.42	0.0385137
  30	  57	  42	  45	84.36	0.0411715
  41	  47	  43	  45	39.24	0.0316011
  39	  49	  43	  45	46.15	0.0340847
  37	  51	  43	  45	51.73	0.0372881
  35	  53	  43	  45	62.70	0.0400209
  43	  46	  44	  45	47.26	0.0306647
  42	  47	  44	  45	43.11	0.0321862
  41	  48	  44	  45	45.55	0.0341382
  40	  49	  44	  45	50.17	0.0362617
  22	  58	  34	  46	98.82	0.0338149
  24	  57	  35	  46	94.78	0.0336461
  26	  56	  36	  46	88.09	0.0335663
  28	  55	  37	  46	82.21	0.0334393
  30	  54	  38	  46	76.61	0.0332805
  32	  53	  39	  46	68.62	0.0332047
  25	  60	  39	  46	114.13	0.0357805
  34	  52	  40	  46	59.47	0.0331697
  28	  58	  40	  46	97.63	0.0357923
  36	  51	  41	  46	52.66	0.032983
  31	  56	  41	  46	83.48	0.0356452
  26	  61	  41	  46	121.60	0.0377509
  38	  50	  42	  46	46.71	0.0326905
  34	  54	  42	  46	70.45	0.0353514
  30	  58	  42	  46	93.88	0.0380312
  26	  62	  42	  46	130.45	0.0396328
  40	  49	  43	  46	49.59	0.0319004
  37	  52	  43	  46	59.41	0.0347594
  34	  55	  43	  46	80.05	0.0370643
  31	  58	  43	  46	101.30	0.039304
  42	  48	  44	  46	49.24	0.031276
  40	  50	  44	  46	52.05	0.0336215
  38	  52	  44	  46	63.01	0.035983
  36	  54	  44	  46	76.90	0.0381711
  44	  47	  45	  46	56.50	0.030556
  43	  48	  45	  46	52.83	0.0317841
  42	  49	  45	  46	54.52	0.0334573
  41	  50	  45	  46	52.44	0.0359911
  23	  59	  35	  47	107.41	0.0335097
  25	  58	  36	  47	100.49	0.0334387
  27	  57	  37	  47	94.34	0.03333
  29	  56	  38	  47	87.21	0.0332421
  31	  55	  39	  47	77.73	0.0332333
  33	  54	  40	  47	71.18	0.0330895
  26	  61	  40	  47	123.42	0.0353457
  35	  53	  41	  47	62.08	0.0330362
  29	  59	  41	  47	105.93	0.0353385
  37	  52	  42	  47	55.32	0.0328393
  32	  57	  42	  47	89.43	0.0352691
  27	  62	  42	  47	132.75	0.0370996
  39	  51	  43	  47	51.35	0.0324471
  35	  55	  43	  47	76.85	0.0349057
  31	  59	  43	  47	110.07	0.0368502
  27	  63	  43	  47	151.14	0.0383145
  41	  50	  44	  47	46.19	0.0320405
  38	  53	  44	  47	65.80	0.0342968
  35	  56	  44	  47	88.19	0.036412
  32	  59	  44	  47	115.06	0.0381912
  43	  49	  45	  47	54.56	0.0311516
  41	  51	  45	  47	52.39	0.0335979
  39	  53	  45	  47	67.17	0.0356126
  37	  55	  45	  47	81.38	0.0377208
  45	  48	  46	  47	65.67	0.0304784
  44	  49	  46	  47	58.28	0.0316171
  43	  50	  46	  47	43.34	0.0343494
  42	  51	  46	  47	48.09	0.0365331
  24	  60	  36	  48	113.69	0.0333161
  26	  59	  37	  48	105.51	0.0332754
  28	  58	  38	  48	97.56	0.0332203
  30	  57	  39	  48	89.23	0.0331687
  32	  56	  40	  48	79.66	0.0331549
  34	  55	  41	  48	71.41	0.0330795
  27	  62	  41	  48	129.75	0.0350847
  36	  54	  42	  48	64.14	0.0329387
  30	  60	  42	  48	109.02	0.0351868
  38	  53	  43	  48	57.76	0.0327196
  33	  58	  43	  48	95.98	0.0349097
  28	  63	  43	  48	145.75	0.0364662
  40	  52	  44	  48	53.53	0.0323477
  36	  56	  44	  48	80.63	0.0346754
  32	  60	  44	  48	117.49	0.0364172
  28	  64	  44	  48	153.79	0.0381711
  42	  51	  45	  48	44.31	0.0321269
  39	  54	  45	  48	66.56	0.0342482
  36	  57	  45	  48	88.31	0.0364038
  33	  60	  45	  48	116.81	0.0380683
  44	  50	  46	  48	40.69	0.0315443
  42	  52	  46	  48	46.73	0.0340333
  40	  54	  46	  48	61.61	0.0361192
  38	  56	  46	  48	74.02	0.0384883
  46	  49	  47	  48	74.99	0.0304189
  45	  50	  47	  48	41.51	0.0322705
  44	  51	  47	  48	36.55	0.0351572
  43	  52	  47	  48	40.39	0.0377782
  25	  61	  37	  49	119.44	0.0331564
  27	  60	  38	  49	110.59	0.0331247
  29	  59	  39	  49	100.20	0.0331353
  31	  58	  40	  49	90.41	0.0331274
  33	  57	  41	  49	82.25	0.0330558
  35	  56	  42	  49	72.71	0.0330247
  28	  63	  42	  49	136.65	0.0348281
  37	  55	  43	  49	66.06	0.0328535
  31	  61	  43	  49	118.47	0.0347731
  39	  54	  44	  49	61.43	0.0325569
  34	  59	  44	  49	99.97	0.0347137
  29	  64	  44	  49	146.49	0.0364338
  41	  53	  45	  49	52.37	0.0323995
  37	  57	  45	  49	81.83	0.0346073
  33	  61	  45	  49	119.58	0.0363053
  43	  52	  46	  49	41.01	0.0322979
  40	  55	  46	  49	62.94	0.0344923
  37	  58	  46	  49	84.38	0.0367014
  34	  61	  46	  49	111.81	0.0384289
  45	  51	  47	  49	38.25	0.0316425
  43	  53	  47	  49	42.75	0.0344097
  41	  55	  47	  49	56.62	0.0366577
  39	  57	  47	  49	70.88	0.0388646
  47	  50	  48	  49	52.09	0.0306031
  46	  51	  48	  49	42.90	0.0321971
  45	  52	  48	  49	40.22	0.0346865
  44	  53	  48	  49	41.35	0.037597
  26	  62	  38	  50	130.54	0.0328879
  28	  61	  39	  50	119.31	0.0328964
  30	  60	  40	  50	108.06	0.0329074
  32	  59	  41	  50	97.83	0.0328903
  34	  58	  42	  50	87.78	0.032863
  36	  57	  43	  50	80.16	0.0327434
  29	  64	  43	  50	146.21	0.0345122
  38	  56	  44	  50	73.06	0.03258
  32	  62	  44	  50	133.01	0.0342514
  40	  55	  45	  50	65.77	0.0323882
  35	  60	  45	  50	109.99	0.0342843
  42	  54	  46	  50	53.54	0.0323473
  38	  58	  46	  50	86.89	0.0343385
  34	  62	  46	  50	126.84	0.0359446
  44	  53	  47	  50	43.74	0.0321548
  41	  56	  47	  50	66.44	0.0342558
  38	  59	  47	  50	91.25	0.0361973
  35	  62	  47	  50	122.97	0.0376643
  46	  52	  48	  50	47.80	0.0313144
  44	  54	  48	  50	50.90	0.0337031
  42	  56	  48	  50	66.44	0.0356742
  40	  58	  48	  50	86.05	0.0373015
  48	  51	  49	  50	67.01	0.0304689
  47	  52	  49	  50	59.55	0.0315827
  46	  53	  49	  50	56.71	0.0333236
  45	  54	  49	  50	57.77	0.0354384
   2	   8	   4	   6	26.90	0.0323361
   4	   7	   5	   6	22.33	0.0314066
   3	   8	   5	   6	24.81	0.0337985
   2	   9	   5	   6	28.60	0.0365904
   1	  10	   5	   6	31.44	0.0399932
  27	  63	  39	  51	138.12	0.0327295
  29	  62	  40	  51	126.63	0.0327289
  31	  61	  41	  51	115.27	0.0327254
  33	  60	  42	  51	103.41	0.0327342
  35	  59	  43	  51	94.60	0.0326568
  37	  58	  44	  51	85.75	0.0325646
  39	  57	  45	  51	78.02	0.0324159
  33	  63	  45	  51	141.48	0.0339969
  41	  56	  46	  51	65.30	0.0324055
  36	  61	  46	  51	113.58	0.034149
  43	  55	  47	  51	53.04	0.0323691
  39	  59	  47	  51	89.61	0.0342069
  35	  63	  47	  51	133.28	0.0356572
  45	  54	  48	  51	48.60	0.0319391
  42	  57	  48	  51	70.13	0.0340318
  39	  60	  48	  51	101.44	0.0355748
  36	  63	  48	  51	135.07	0.0369776
  47	  53	  49	  51	52.82	0.0311896
  45	  55	  49	  51	56.22	0.033353
  43	  57	  49	  51	70.41	0.0353541
  41	  59	  49	  51	93.00	0.036756
  49	  52	  50	  51	34.32	0.0309154
  48	  53	  50	  51	35.02	0.0326913
  47	  54	  50	  51	40.75	0.034626
  46	  55	  50	  51	48.31	0.0365032
  28	  64	  40	  52	138.36	0.0327248
  30	  63	  41	  52	134.69	0.0325658
  32	  62	  42	  52	122.41	0.0325665
  34	  61	  43	  52	111.60	0.0325335
  36	  60	  44	  52	101.73	0.0324705
  38	  59	  45	  52	90.23	0.0324373
  40	  58	  46	  52	79.60	0.0323679
  34	  64	  46	  52	137.77	0.0341045
  42	  57	  47	  52	65.93	0.0323825
  37	  62	  47	  52	119.30	0.0339501
  44	  56	  48	  52	56.20	0.0322362
  40	  60	  48	  52	97.91	0.0338503
  36	  64	  48	  52	135.82	0.0355515
  46	  55	  49	  52	54.29	0.0317359
  43	  58	  49	  52	74.67	0.0337866
  40	  61	  49	  52	111.27	0.0350821
  37	  64	  49	  52	139.53	0.0367549
  48	  54	  50	  52	36.00	0.0317452
  46	  56	  50	  52	51.60	0.0336527
  44	  58	  50	  52	68.40	0.0355115
  42	  60	  50	  52	91.22	0.0368882
  50	  53	  51	  52	25.53	0.0312307
  49	  54	  51	  52	29.62	0.0331817
  48	  55	  51	  52	38.63	0.0348796
  47	  56	  51	  52	48.25	0.0365106
  31	  64	  42	  53	135.67	0.0325472
  33	  63	  43	  53	132.63	0.0323688
  35	  62	  44	  53	120.13	0.0323536
  37	  61	  45	  53	107.96	0.0323279
  39	  60	  46	  53	95.15	0.0323111
  41	  59	  47	  53	80.85	0.0323314
  43	  58	  48	  53	69.09	0.0322737
  38	  63	  48	  53	129.10	0.0336501
  45	  57	  49	  53	61.45	0.0320449
  41	  61	  49	  53	105.59	0.0335702
  47	  56	  50	  53	47.26	0.0319943
  44	  59	  50	  53	74.27	0.0338072
  41	  62	  50	  53	112.53	0.035025
  49	  55	  51	  53	32.94	0.0319077
  47	  57	  51	  53	53.74	0.0335078
  45	  59	  51	  53	73.04	0.0351612
  43	  61	  51	  53	96.92	0.0364831
  51	  54	  52	  53	24.73	0.0312706
  50	  55	  52	  53	30.68	0.0330723
  49	  56	  52	  53	39.07	0.0348252
  48	  57	  52	  53	50.06	0.0362755
  34	  64	  44	  54	134.39	0.0323377
  36	  63	  45	  54	127.48	0.032218
  38	  62	  46	  54	111.80	0.032248
  40	  61	  47	  54	98.49	0.0322329
  42	  60	  48	  54	85.18	0.032213
  44	  59	  49	  54	72.71	0.0321602
  39	  64	  49	  54	130.60	0.0336082
  46	  58	  50	  54	60.06	0.0320922
  42	  62	  50	  54	107.84	0.0334958
  48	  57	  51	  54	46.65	0.0320202
  45	  60	  51	  54	79.68	0.0335485
  42	  63	  51	  54	119.67	0.0347255
  50	  56	  52	  54	33.48	0.0318769
  48	  58	  52	  54	54.46	0.0334615
  46	  60	  52	  54	78.03	0.0348316
  44	  62	  52	  54	101.83	0.0361704
  52	  55	  53	  54	23.84	0.0313176
  51	  56	  53	  54	30.10	0.0331311
  50	  57	  53	  54	38.89	0.0348475
  49	  58	  53	  54	49.46	0.0363516
  37	  64	  46	  55	123.22	0.0322946
  39	  63	  47	  55	116.34	0.0321602
  41	  62	  48	  55	103.35	0.0321279
  43	  61	  49	  55	89.15	0.0321144
  45	  60	  50	  55	74.12	0.0321191
  47	  59	  51	  55	59.18	0.0321234
  43	  63	  51	  55	110.64	0.0334075
  49	  58	  52	  55	45.45	0.0320735
  46	  61	  52	  55	81.33	0.0334766
  43	  64	  52	  55	114.07	0.0349574
  51	  57	  53	  55	32.56	0.03193
  49	  59	  53	  55	50.92	0.0337021
  47	  61	  53	  55	77.56	0.0348605
  45	  63	  53	  55	102.49	0.0361305
  53	  56	  54	  55	22.50	0.0313963
  52	  57	  54	  55	28.66	0.0332884
  51	  58	  54	  55	37.57	0.0350174
  50	  59	  54	  55	47.28	0.0366444
  40	  64	  48	  56	117.35	0.0321416
  42	  63	  49	  56	109.97	0.0319997
  44	  62	  50	  56	91.96	0.0320498
  46	  61	  51	  56	77.39	0.0320297
  48	  60	  52	  56	61.83	0.0320324
  44	  64	  52	  56	107.92	0.0334934
  50	  59	  53	  56	45.62	0.0320661
  47	  62	  53	  56	84.07	0.0333632
  52	  58	  54	  56	32.24	0.031949
  50	  60	  54	  56	54.14	0.0334818
  48	  62	  54	  56	78.93	0.0347765
  46	  64	  54	  56	99.38	0.0363224
  54	  57	  55	  56	23.84	0.0313178
  53	  58	  55	  56	29.90	0.0331517
  52	  59	  55	  56	39.20	0.0348082
  51	  60	  55	  56	50.91	0.0361714
  43	  64	  50	  57	106.22	0.0320704
  45	  63	  51	  57	98.40	0.0319155
  47	  62	  52	  57	81.83	0.0319196
  49	  61	  53	  57	63.54	0.0319778
  51	  60	  54	  57	47.89	0.0319681
  48	  63	  54	  57	87.82	0.0332198
  53	  59	  55	  57	32.77	0.0319175
  51	  61	  55	  57	57.35	0.0332865
  49	  63	  55	  57	85.66	0.0344009
  55	  58	  56	  57	22.69	0.0313846
  54	  59	  56	  57	29.16	0.0332318
  53	  60	  56	  57	40.63	0.0346395
  52	  61	  56	  57	53.76	0.0358433
  46	  64	  52	  58	99.75	0.0318897
  48	  63	  53	  58	88.26	0.0317798
  50	  62	  54	  58	69.76	0.0318014
  52	  61	  55	  58	51.77	0.0318206
  49	  64	  55	  58	91.84	0.0330788
  54	  60	  56	  58	35.80	0.0317552
  52	  62	  56	  58	64.90	0.0329042
  50	  64	  56	  58	91.45	0.0341223
  56	  59	  57	  58	24.48	0.0312832
  55	  60	  57	  58	33.39	0.0328226
  54	  61	  57	  58	46.37	0.0340648
  53	  62	  57	  58	62.60	0.0350187
  49	  64	  54	  59	88.22	0.0317805
  51	  63	  55	  59	76.77	0.031637
  53	  62	  56	  59	56.97	0.0316544
  55	  61	  57	  59	38.44	0.0316345
  53	  63	  57	  59	72.47	0.032601
  57	  60	  58	  59	24.62	0.031276
  56	  61	  58	  59	34.28	0.0327495
  55	  62	  58	  59	48.69	0.0338713
  54	  63	  58	  59	66.61	0.0347165
  52	  64	  56	  60	76.49	0.0316428
  54	  63	  57	  60	61.29	0.0315377
  56	  62	  58	  60	38.25	0.0316427
  54	  64	  58	  60	68.19	0.0327642
  58	  61	  59	  60	21.74	0.0314454
  57	  62	  59	  60	32.26	0.0329217
  56	  63	  59	  60	48.45	0.0338906
  55	  64	  59	  60	60.40	0.0352017
   1	  10	   4	   7	31.34	0.0330069
   3	   9	   5	   7	26.56	0.0323655
   1	  11	   5	   7	32.43	0.0358117
   5	   8	   6	   7	22.35	0.0314054
   4	   9	   6	   7	25.50	0.0336958
   3	  10	   6	   7	28.87	0.0365288
   2	  11	   6	   7	31.65	0.0399259
  55	  64	  58	  61	63.42	0.031486
  57	  63	  59	  61	45.30	0.031387
  59	  62	  60	  61	26.97	0.0311648
  58	  63	  60	  61	44.30	0.0321275
  57	  64	  60	  61	59.30	0.0331786
  58	  64	  60	  62	52.43	0.0311984
  60	  63	  61	  62	30.12	0.031043
  59	  64	  61	  62	48.21	0.031955
  61	  64	  62	  63	43.54	0.0307216
   2	  11	   5	   8	29.94	0.0331482
   4	  10	   6	   8	25.90	0.032426
   2	  12	   6	   8	32.15	0.0358623
   6	   9	   7	   8	20.78	0.031512
   5	  10	   7	   8	24.04	0.0339201
   4	  11	   7	   8	27.01	0.0369776
   3	  12	   7	   8	30.05	0.0404553
   1	  13	   5	   9	33.17	0.0337884
   3	  12	   6	   9	29.77	0.0331655
   5	  11	   7	   9	24.89	0.0325248
   3	  13	   7	   9	30.80	0.0361192
   1	  15	   7	   9	35.22	0.0407028
   7	  10	   8	   9	19.62	0.031601
   6	  11	   8	   9	23.46	0.0340167
   5	  12	   8	   9	27.60	0.0368291
   4	  13	   8	   9	30.07	0.0404471
   2	  14	   6	  10	33.52	0.0337488
   4	  13	   7	  10	29.76	0.0331667
   1	  16	   7	  10	37.04	0.0376334
   6	  12	   8	  10	25.72	0.0324432
   4	  14	   8	  10	32.46	0.0358075
   2	  16	   8	  10	36.78	0.0402507
   8	  11	   9	  10	20.90	0.0315028
   7	  12	   9	  10	25.38	0.0337141
   6	  13	   9	  10	29.32	0.0364286
   5	  14	   9	  10	32.82	0.0395725
   1	  16	   6	  11	36.86	0.0342614
   3	  15	   7	  11	33.72	0.033727
   5	  14	   8	  11	30.73	0.0330669
   2	  17	   8	  11	38.33	0.0373773
   7	  13	   9	  11	26.65	0.0323574
   5	  15	   9	  11	34.00	0.0355437
   3	  17	   9	  11	38.58	0.0397724
   1	  19	   9	  11	43.06	0.0445922
   9	  12	  10	  11	20.45	0.0315362
   8	  13	  10	  11	24.72	0.0338123
   7	  14	  10	  11	29.18	0.0364589
   6	  15	  10	  11	32.66	0.0396188
   2	  17	   7	  12	36.57	0.0342954
   4	  16	   8	  12	33.89	0.0337079
   6	  15	   9	  12	31.18	0.0330231
   3	  18	   9	  12	38.84	0.0372788
   8	  14	  10	  12	25.67	0.0324479
   6	  16	  10	  12	32.57	0.0357881
   4	  18	  10	  12	37.60	0.040026
   2	  20	  10	  12	41.08	0.0452932
  10	  13	  11	  12	20.11	0.0315619
   9	  14	  11	  12	23.76	0.0339662
   8	  15	  11	  12	27.50	0.036855
   7	  16	  11	  12	30.77	0.0402086
   1	  19	   7	  13	39.50	0.0347725
   3	  18	   8	  13	37.25	0.0342171
   1	  21	   9	  13	44.05	0.0385576
   5	  17	   9	  13	34.68	0.0336238
   1	  22	  10	  13	45.13	0.0425293
   7	  16	  10	  13	30.44	0.0330963
   4	  19	  10	  13	38.01	0.0374393
   3	  21	  11	  13	40.26	0.0456051
   9	  15	  11	  13	25.57	0.0324573
   7	  17	  11	  13	32.17	0.0358597
   5	  19	  11	  13	36.65	0.0402851
  11	  14	  12	  13	20.77	0.0315128
  10	  15	  12	  13	24.83	0.033796
   9	  16	  12	  13	27.68	0.0368092
   8	  17	  12	  13	30.65	0.0402506
   2	  20	   8	  14	39.95	0.0347182
   4	  19	   9	  14	37.68	0.0341686
   2	  22	  10	  14	44.08	0.0385521
   6	  18	  10	  14	34.72	0.0336189
   2	  23	  11	  14	45.67	0.0423812
   8	  17	  11	  14	30.40	0.0331001
   5	  20	  11	  14	37.84	0.0374715
   4	  22	  12	  14	41.98	0.0449654
  10	  16	  12	  14	26.39	0.0323807
   8	  18	  12	  14	32.52	0.0357957
   6	  20	  12	  14	37.00	0.0401903
  12	  15	  13	  14	22.35	0.0314054
  11	  16	  13	  14	25.87	0.0336434
  10	  17	  13	  14	29.24	0.0364473
   9	  18	  13	  14	32.11	0.0397844
   1	  22	   8	  15	43.90	0.0350098
   3	  21	   9	  15	40.51	0.0346536
   5	  20	  10	  15	37.33	0.0342082
   3	  23	  11	  15	44.07	0.038554
   7	  19	  11	  15	33.97	0.0336989
   6	  21	  12	  15	37.89	0.0374617
   3	  24	  12	  15	45.50	0.0424276
   9	  18	  12	  15	30.46	0.0330938
   7	  21	  13	  15	36.83	0.0402348
   5	  23	  13	  15	42.65	0.0447327
  11	  17	  13	  15	26.31	0.032388
   9	  19	  13	  15	31.93	0.0359031
  13	  16	  14	  15	20.99	0.0314965
  12	  17	  14	  15	24.58	0.0338347
  11	  18	  14	  15	28.11	0.0367059
  10	  19	  14	  15	30.29	0.0403709
   2	  23	   9	  16	45.42	0.0348416
   4	  22	  10	  16	41.50	0.0345415
   6	  21	  11	  16	37.68	0.034169
   1	  26	  11	  16	53.02	0.0388883
   4	  24	  12	  16	45.66	0.0382558
   8	  20	  12	  16	33.77	0.0337207
   7	  22	  13	  16	39.28	0.0371984
   4	  25	  13	  16	48.34	0.0416969
   1	  28	  13	  16	58.74	0.0460456
  10	  19	  13	  16	31.04	0.0330367
   8	  22	  14	  16	37.25	0.0401203
   6	  24	  14	  16	43.77	0.0443553
  12	  18	  14	  16	26.95	0.0323312
  10	  20	  14	  16	32.25	0.0358442
  14	  17	  15	  16	23.92	0.0313133
  13	  18	  15	  16	27.24	0.03346
  12	  19	  15	  16	29.98	0.0362864
  11	  20	  15	  16	32.54	0.0396538
   1	  25	   9	  17	49.87	0.0350396
   3	  24	  10	  17	45.54	0.0348293
   5	  23	  11	  17	42.02	0.0344857
   7	  22	  12	  17	38.01	0.0341331
   2	  27	  12	  17	53.86	0.0387496
   9	  21	  13	  17	33.73	0.0337256
   5	  25	  13	  17	46.52	0.0381045
   1	  29	  13	  17	60.46	0.0424704
   8	  23	  14	  17	38.86	0.0372761
   5	  26	  14	  17	48.64	0.0416252
   2	  29	  14	  17	59.07	0.0459555
  11	  20	  14	  17	29.75	0.0331685
  11	  21	  15	  17	32.58	0.0357856
   9	  23	  15	  17	38.54	0.039782
   7	  25	  15	  17	44.78	0.0440314
  13	  19	  15	  17	26.62	0.0323603
  12	  21	  16	  17	29.51	0.0406455
  15	  18	  16	  17	21.28	0.0314764
  14	  19	  16	  17	25.12	0.0337512
  13	  20	  16	  17	26.97	0.0369898
   2	  26	  10	  18	49.82	0.0350448
   4	  25	  11	  18	45.80	0.0348019
   6	  24	  12	  18	42.01	0.0344873
   8	  23	  13	  18	37.81	0.0341542
   3	  28	  13	  18	54.78	0.038602
  10	  22	  14	  18	33.45	0.0337569
   6	  26	  14	  18	46.27	0.0381476
   2	  30	  14	  18	61.41	0.042278
  12	  21	  15	  18	29.42	0.0332039
   9	  24	  15	  18	39.11	0.0372298
   6	  27	  15	  18	49.07	0.0415242
   3	  30	  15	  18	60.82	0.0454957
  12	  22	  16	  18	30.57	0.0361656
  10	  24	  16	  18	37.11	0.0401591
   8	  26	  16	  18	42.10	0.0449261
  14	  20	  16	  18	25.14	0.0324996
  14	  21	  17	  18	26.67	0.037068
  13	  22	  17	  18	29.32	0.0407143
  16	  19	  17	  18	21.23	0.0314799
  15	  20	  17	  18	23.52	0.0340065
   1	  28	  10	  19	55.80	0.0350672
   3	  27	  11	  19	50.73	0.0349543
   5	  26	  12	  19	47.05	0.0346738
   7	  25	  13	  19	42.63	0.0344219
   1	  31	  13	  19	66.89	0.038454
   9	  24	  14	  19	38.12	0.0341211
   4	  29	  14	  19	56.32	0.0383669
  11	  23	  15	  19	34.51	0.0336417
   7	  27	  15	  19	48.23	0.0378163
   3	  31	  15	  19	65.43	0.0415242
  13	  22	  16	  19	29.39	0.0332068
  10	  25	  16	  19	39.19	0.0372154
   7	  28	  16	  19	50.14	0.0412792
   4	  31	  16	  19	64.09	0.0447055
  15	  21	  17	  19	25.34	0.0324792
  13	  23	  17	  19	32.07	0.0358778
  11	  25	  17	  19	38.17	0.0398767
   9	  27	  17	  19	44.50	0.044121
  16	  21	  18	  19	25.71	0.0336652
  15	  22	  18	  19	28.98	0.0365053
  14	  23	  18	  19	32.42	0.0396891
  17	  20	  18	  19	20.96	0.0314987
   2	  29	  11	  20	56.27	0.0350244
   4	  28	  12	  20	51.99	0.0348345
   6	  27	  13	  20	47.43	0.0346368
   8	  26	  14	  20	42.41	0.0344447
   2	  32	  14	  20	66.96	0.038445
  10	  25	  15	  20	38.55	0.0340742
   5	  30	  15	  20	58.26	0.038088
  12	  24	  16	  20	33.62	0.0337375
   8	  28	  16	  20	47.06	0.0380115
   4	  32	  16	  20	64.42	0.0417038
  14	  23	  17	  20	30.23	0.0331178
  11	  26	  17	  20	39.62	0.0371365
   8	  29	  17	  20	48.96	0.041551
   5	  32	  17	  20	63.38	0.0448703
  16	  22	  18	  20	26.70	0.0323536
  14	  24	  18	  20	32.98	0.0357157
  12	  26	  18	  20	38.59	0.03977
  10	  28	  18	  20	45.90	0.0436887
  18	  21	  19	  20	20.12	0.0315615
  17	  22	  19	  20	24.76	0.0338065
  16	  23	  19	  20	29.04	0.0364915
  15	  24	  19	  20	31.40	0.0400058
